# Created by Octave 4.0.0, Sun Feb 28 23:05:15 2016 CST <neymar@localhost.localdomain>
# name: Y
# type: matrix
# rows: 18000
# columns: 1
 26
 13
 11
 12
 17
 17
 29
 26
 8
 23
 29
 29
 13
 30
 23
 29
 5
 6
 26
 4
 29
 30
 12
 12
 12
 29
 22
 8
 35
 14
 36
 12
 23
 16
 29
 33
 21
 23
 17
 12
 18
 11
 28
 36
 4
 12
 28
 6
 14
 14
 11
 3
 24
 22
 14
 26
 33
 30
 5
 4
 31
 14
 32
 32
 15
 12
 16
 21
 28
 2
 33
 23
 30
 32
 12
 21
 22
 24
 31
 16
 17
 29
 12
 21
 26
 12
 35
 36
 17
 32
 4
 11
 12
 6
 13
 18
 22
 8
 17
 6
 36
 36
 24
 30
 30
 18
 32
 36
 32
 17
 21
 12
 12
 29
 26
 18
 32
 3
 31
 36
 31
 3
 14
 12
 14
 22
 17
 26
 32
 35
 36
 23
 17
 35
 4
 2
 21
 30
 33
 30
 24
 16
 2
 36
 24
 33
 7
 11
 30
 36
 16
 12
 22
 33
 33
 28
 32
 31
 2
 36
 21
 26
 33
 14
 23
 21
 12
 16
 14
 21
 35
 11
 13
 13
 17
 14
 24
 28
 2
 28
 22
 26
 29
 12
 32
 14
 26
 33
 24
 35
 15
 31
 30
 23
 16
 16
 8
 26
 15
 11
 11
 26
 4
 15
 8
 17
 30
 16
 24
 11
 36
 5
 11
 8
 12
 23
 26
 2
 36
 21
 33
 14
 7
 15
 11
 35
 9
 24
 23
 23
 29
 33
 30
 12
 21
 4
 17
 12
 36
 15
 24
 8
 22
 26
 23
 31
 2
 13
 22
 13
 35
 36
 29
 22
 23
 15
 23
 28
 16
 14
 18
 21
 36
 21
 9
 32
 30
 28
 15
 30
 22
 36
 5
 17
 18
 5
 26
 18
 18
 12
 15
 12
 4
 31
 26
 4
 11
 5
 35
 7
 31
 30
 17
 13
 35
 22
 28
 32
 5
 22
 6
 23
 12
 4
 7
 30
 26
 21
 31
 24
 35
 12
 13
 29
 28
 14
 31
 24
 23
 26
 21
 4
 33
 18
 17
 33
 30
 17
 18
 32
 23
 33
 8
 12
 23
 36
 12
 6
 29
 9
 18
 15
 23
 35
 15
 36
 22
 21
 11
 22
 17
 11
 18
 36
 31
 18
 28
 26
 16
 14
 36
 31
 32
 36
 22
 18
 36
 11
 3
 26
 35
 9
 32
 30
 30
 26
 6
 18
 17
 29
 21
 22
 6
 9
 17
 36
 13
 14
 28
 16
 22
 29
 4
 33
 2
 9
 36
 12
 36
 18
 29
 5
 6
 4
 36
 16
 3
 23
 15
 24
 12
 21
 3
 22
 18
 5
 29
 35
 31
 18
 11
 24
 4
 11
 21
 21
 36
 11
 35
 31
 18
 7
 12
 17
 11
 5
 16
 26
 11
 15
 17
 18
 3
 29
 29
 26
 7
 26
 9
 36
 28
 35
 15
 18
 30
 28
 11
 6
 13
 31
 29
 15
 29
 28
 18
 3
 12
 29
 21
 17
 15
 18
 31
 16
 35
 22
 28
 30
 15
 31
 11
 17
 15
 8
 24
 21
 21
 24
 3
 36
 18
 28
 15
 30
 17
 36
 8
 17
 12
 29
 14
 17
 12
 13
 2
 12
 17
 14
 33
 26
 22
 13
 26
 32
 28
 31
 26
 23
 7
 36
 29
 23
 32
 31
 23
 32
 36
 3
 15
 4
 15
 29
 22
 15
 28
 12
 16
 17
 24
 17
 23
 35
 31
 24
 32
 18
 6
 28
 33
 28
 26
 35
 33
 35
 32
 33
 17
 15
 17
 4
 14
 18
 28
 31
 3
 6
 18
 12
 6
 36
 12
 11
 18
 23
 33
 32
 2
 26
 35
 7
 26
 23
 21
 4
 9
 28
 5
 33
 2
 12
 12
 32
 13
 14
 23
 28
 32
 29
 13
 12
 22
 24
 24
 13
 16
 3
 14
 13
 28
 24
 2
 30
 6
 14
 21
 30
 31
 35
 16
 6
 13
 4
 22
 31
 30
 14
 14
 22
 28
 5
 22
 2
 17
 32
 26
 18
 23
 15
 36
 11
 15
 15
 33
 17
 31
 22
 14
 35
 36
 12
 16
 32
 15
 15
 7
 15
 33
 7
 29
 28
 35
 6
 22
 35
 12
 18
 24
 8
 14
 15
 31
 11
 32
 31
 16
 24
 8
 6
 17
 15
 8
 28
 21
 5
 22
 30
 8
 14
 12
 29
 32
 23
 11
 22
 16
 14
 29
 8
 22
 26
 32
 13
 17
 31
 31
 29
 9
 35
 22
 18
 7
 30
 30
 24
 24
 12
 14
 15
 32
 12
 13
 28
 11
 3
 13
 21
 28
 15
 28
 9
 15
 12
 4
 33
 21
 18
 31
 22
 36
 6
 21
 12
 30
 3
 22
 16
 13
 26
 8
 17
 31
 3
 30
 26
 35
 17
 14
 22
 12
 13
 28
 9
 16
 33
 31
 21
 33
 14
 28
 16
 23
 33
 14
 33
 28
 21
 7
 13
 13
 18
 22
 22
 21
 22
 12
 5
 8
 4
 16
 24
 6
 14
 12
 13
 17
 14
 26
 13
 32
 23
 26
 16
 21
 12
 36
 13
 28
 12
 29
 14
 21
 28
 23
 21
 17
 32
 29
 22
 3
 5
 11
 22
 36
 11
 16
 16
 36
 17
 12
 21
 22
 2
 24
 17
 26
 3
 16
 17
 11
 5
 18
 22
 21
 28
 26
 14
 9
 17
 12
 22
 30
 26
 22
 4
 2
 24
 17
 26
 35
 17
 31
 3
 32
 9
 35
 28
 35
 14
 31
 9
 28
 26
 31
 26
 15
 18
 17
 36
 23
 21
 35
 15
 24
 31
 5
 16
 29
 26
 22
 15
 18
 11
 13
 29
 13
 28
 2
 32
 23
 9
 4
 26
 18
 9
 15
 30
 36
 15
 35
 13
 2
 32
 31
 13
 14
 35
 16
 35
 26
 18
 28
 30
 32
 12
 29
 30
 33
 29
 29
 36
 16
 3
 36
 18
 24
 13
 17
 31
 15
 32
 8
 29
 32
 32
 32
 16
 9
 24
 5
 16
 2
 14
 7
 17
 2
 36
 15
 13
 21
 18
 4
 33
 23
 21
 31
 13
 26
 26
 29
 24
 28
 5
 7
 33
 24
 28
 12
 15
 9
 12
 13
 7
 12
 29
 29
 11
 33
 24
 6
 13
 32
 18
 35
 30
 3
 35
 26
 33
 8
 32
 22
 31
 33
 15
 17
 21
 2
 28
 29
 26
 24
 12
 35
 26
 23
 13
 21
 3
 28
 13
 35
 24
 15
 22
 23
 2
 28
 21
 2
 7
 6
 21
 14
 23
 28
 17
 35
 36
 6
 29
 28
 11
 13
 26
 14
 2
 11
 18
 12
 35
 7
 22
 36
 3
 13
 28
 18
 14
 30
 26
 12
 32
 16
 15
 28
 29
 18
 8
 30
 35
 36
 28
 36
 11
 12
 22
 14
 16
 17
 22
 12
 35
 36
 31
 11
 14
 8
 7
 16
 22
 33
 12
 14
 23
 14
 16
 8
 31
 17
 32
 30
 32
 17
 4
 7
 7
 13
 35
 24
 17
 15
 6
 36
 11
 3
 14
 21
 32
 21
 35
 16
 29
 14
 18
 7
 33
 29
 30
 35
 14
 33
 6
 11
 33
 17
 28
 30
 7
 22
 11
 33
 30
 35
 15
 16
 17
 18
 12
 16
 15
 35
 13
 14
 21
 24
 6
 30
 7
 6
 14
 32
 9
 29
 14
 5
 32
 12
 32
 17
 8
 26
 16
 28
 2
 32
 3
 14
 15
 35
 18
 8
 12
 9
 18
 16
 24
 24
 28
 8
 24
 30
 24
 3
 36
 7
 28
 6
 14
 22
 28
 31
 18
 13
 32
 15
 11
 26
 14
 32
 11
 13
 33
 11
 31
 26
 23
 35
 26
 23
 33
 8
 35
 12
 22
 16
 31
 18
 15
 23
 35
 30
 29
 11
 9
 3
 26
 35
 14
 26
 4
 3
 23
 18
 24
 22
 24
 33
 22
 16
 28
 33
 32
 23
 21
 28
 17
 17
 16
 2
 33
 17
 31
 28
 17
 32
 22
 12
 2
 28
 28
 22
 15
 21
 3
 3
 24
 33
 23
 23
 9
 28
 32
 14
 26
 26
 3
 29
 23
 32
 23
 30
 14
 24
 17
 29
 5
 6
 2
 22
 16
 12
 21
 17
 3
 18
 12
 18
 32
 22
 26
 35
 18
 18
 30
 29
 21
 15
 28
 28
 29
 24
 29
 9
 17
 22
 9
 5
 21
 9
 16
 33
 32
 5
 16
 12
 32
 13
 26
 2
 11
 36
 36
 11
 23
 17
 14
 11
 26
 21
 28
 32
 22
 21
 8
 21
 11
 36
 5
 15
 21
 5
 21
 33
 30
 28
 14
 2
 14
 30
 16
 2
 14
 28
 23
 6
 35
 31
 29
 32
 17
 32
 36
 26
 35
 17
 24
 22
 29
 5
 33
 7
 36
 35
 32
 11
 14
 36
 22
 32
 3
 28
 4
 31
 23
 33
 32
 12
 11
 15
 30
 29
 16
 11
 24
 18
 21
 13
 9
 26
 14
 17
 13
 24
 36
 13
 22
 7
 14
 2
 3
 29
 12
 11
 15
 31
 21
 17
 13
 33
 18
 17
 15
 4
 17
 16
 12
 13
 2
 32
 11
 33
 23
 4
 21
 31
 12
 15
 5
 8
 22
 17
 36
 5
 8
 24
 26
 30
 23
 29
 28
 15
 33
 15
 30
 13
 16
 11
 28
 35
 35
 17
 22
 36
 26
 15
 31
 12
 3
 21
 14
 36
 11
 15
 36
 16
 13
 29
 4
 26
 31
 15
 13
 28
 22
 2
 5
 32
 26
 33
 12
 33
 26
 23
 16
 29
 29
 33
 31
 9
 2
 26
 35
 30
 4
 9
 16
 23
 12
 15
 26
 2
 28
 26
 4
 24
 11
 29
 11
 16
 24
 13
 28
 32
 26
 32
 7
 12
 24
 11
 4
 30
 36
 4
 16
 17
 18
 15
 3
 32
 8
 7
 21
 14
 21
 21
 3
 30
 36
 5
 16
 35
 23
 9
 16
 18
 11
 4
 2
 17
 15
 36
 28
 9
 14
 18
 11
 7
 8
 21
 15
 31
 5
 14
 6
 33
 33
 14
 9
 14
 36
 13
 15
 12
 22
 14
 31
 18
 29
 11
 17
 24
 2
 29
 17
 13
 11
 6
 8
 22
 32
 21
 3
 17
 12
 29
 29
 28
 2
 30
 7
 31
 36
 18
 26
 28
 18
 35
 22
 35
 11
 22
 21
 17
 36
 17
 4
 18
 35
 36
 36
 9
 16
 17
 30
 28
 13
 32
 12
 36
 17
 9
 11
 6
 17
 18
 12
 35
 26
 9
 30
 29
 15
 21
 26
 23
 17
 36
 7
 33
 15
 23
 28
 24
 36
 11
 6
 30
 6
 7
 12
 7
 30
 17
 23
 7
 23
 32
 30
 31
 11
 23
 8
 9
 6
 22
 21
 18
 23
 32
 12
 14
 15
 30
 28
 26
 2
 15
 16
 35
 21
 30
 7
 26
 12
 4
 23
 32
 26
 12
 12
 11
 7
 23
 23
 32
 22
 29
 26
 32
 15
 30
 30
 24
 15
 14
 32
 7
 15
 15
 21
 14
 30
 15
 5
 4
 3
 29
 22
 18
 23
 28
 31
 22
 26
 31
 9
 24
 31
 11
 32
 16
 13
 32
 11
 31
 16
 7
 14
 24
 14
 35
 18
 7
 35
 26
 33
 26
 31
 9
 31
 8
 14
 36
 30
 13
 17
 21
 31
 11
 11
 15
 4
 31
 28
 28
 28
 33
 16
 30
 4
 28
 4
 24
 11
 24
 29
 21
 21
 36
 33
 16
 30
 26
 32
 24
 31
 24
 9
 22
 11
 17
 12
 9
 4
 30
 16
 24
 18
 21
 32
 7
 6
 2
 35
 6
 31
 24
 24
 35
 31
 24
 24
 11
 32
 12
 29
 9
 23
 14
 18
 29
 15
 2
 29
 36
 18
 22
 24
 12
 30
 18
 32
 32
 17
 28
 24
 36
 17
 6
 7
 31
 32
 7
 14
 24
 12
 16
 29
 17
 30
 28
 23
 16
 14
 26
 23
 12
 16
 9
 11
 32
 15
 29
 21
 24
 9
 33
 32
 32
 13
 33
 4
 35
 9
 24
 22
 15
 5
 29
 22
 31
 17
 24
 23
 12
 21
 23
 35
 5
 32
 36
 32
 23
 36
 13
 24
 31
 35
 22
 8
 36
 24
 15
 15
 21
 22
 31
 24
 18
 13
 21
 15
 18
 31
 18
 12
 15
 16
 11
 11
 30
 3
 35
 32
 13
 23
 3
 7
 36
 36
 24
 13
 35
 2
 21
 28
 18
 15
 3
 23
 30
 8
 4
 30
 30
 13
 14
 6
 29
 13
 13
 22
 29
 7
 18
 18
 32
 35
 22
 23
 35
 13
 5
 30
 35
 23
 8
 12
 24
 29
 4
 36
 14
 14
 9
 32
 32
 7
 30
 22
 12
 14
 30
 23
 29
 12
 18
 31
 28
 24
 28
 5
 29
 31
 16
 12
 30
 36
 13
 28
 32
 31
 2
 4
 22
 30
 16
 6
